<?xml version="1.0"?>
<opencv_storage>
<E type_id="opencv-matrix">
  <rows>3</rows>
  <cols>3</cols>
  <dt>d</dt>
  <data>
    6.9595783331931993e-001 -2.0881153710722991e+001
    -3.4943289661239501e+000 -1.9002438894601138e+001
    5.0133734458070578e-001 1.9357515580989755e+002
    3.1522598064004059e+000 -1.9338770079397329e+002
    1.2006384728368651e+000</data></E>
</opencv_storage>
