<?xml version="1.0"?>
<opencv_storage>
<F type_id="opencv-matrix">
  <rows>3</rows>
  <cols>3</cols>
  <dt>d</dt>
  <data>
    -1.4464252396004853e-007 4.3397784051249101e-006
    -4.4563689820741726e-004 3.9493207656024847e-006
    -1.0419409826846591e-007 -8.9203414023460298e-002
    -3.2326718923512562e-003 8.4191775200666896e-002 1.</data></F>
</opencv_storage>
