<?xml version="1.0"?>
<opencv_storage>
<M1 type_id="opencv-matrix">
  <rows>3</rows>
  <cols>3</cols>
  <dt>d</dt>
  <data>
     1.12057916277666738e+003 0. 6.1488716090341536e+002 0.
     1.11997653641776667e+003 5.0848658224020333e+002 0. 0. 1.</data></M1>
</opencv_storage>
