<?xml version="1.0"?>
<opencv_storage>
<M2 type_id="opencv-matrix">
  <rows>3</rows>
  <cols>3</cols>
  <dt>d</dt>
  <data>
    1.1066984677666738e+003 0. 6.2507331875560008e+002 0.
    1.1054510177666738e+003 4.2955657207254672e+002 0. 0. 1.</data></M2>
</opencv_storage>
