<?xml version="1.0"?>
<opencv_storage>
<Q type_id="opencv-matrix">
  <rows>4</rows>
  <cols>4</cols>
  <dt>d</dt>
  <data>
    1. 0. 0. -5.4989541625976562e+002 0. 1. 0. -4.6885951232910156e+002
    0. 0. 0. 1.0762372403301631e+003 0. 0. 4.8063110472864583e-003 0.</data></Q>
</opencv_storage>
